{
  "cells": [
    {
      "cell_type": "markdown",
      "metadata": {
        "id": "H9wADwK78DCz"
      },
      "source": [
        "# Proyek Analisis Data: [Air Quality Dataset]\n",
        "- **Nama:** [Dave Nathaniel Yoseph]\n",
        "- **Email:** [davenathaniel123@gmail.com]\n",
        "- **ID Dicoding:** [dave_ny]"
      ]
    },
    {
      "cell_type": "markdown",
      "metadata": {
        "id": "eE0raob58DC0"
      },
      "source": [
        "## Menentukan Pertanyaan Bisnis"
      ]
    },
    {
      "cell_type": "markdown",
      "metadata": {
        "id": "GmQeQ5YF8DC0"
      },
      "source": [
        "- Apa tingkat polutan udara paling umum?\n",
        "- Bagaimana kualitas udara pada waktu tertentu?"
      ]
    },
    {
      "cell_type": "markdown",
      "metadata": {
        "id": "H-z4QGlO8DC1"
      },
      "source": [
        "## Import Semua Packages/Library yang Digunakan"
      ]
    },
    {
      "cell_type": "code",
      "execution_count": 17,
      "metadata": {
        "id": "FVYwaObI8DC1"
      },
      "outputs": [],
      "source": [
        "import pandas as pd\n",
        "import numpy as np\n",
        "import matplotlib.pyplot as plt\n",
        "import seaborn as sns\n",
        "import streamlit as st"
      ]
    },
    {
      "cell_type": "markdown",
      "metadata": {
        "id": "h_Sh51Xy8DC1"
      },
      "source": [
        "## Data Wrangling"
      ]
    },
    {
      "cell_type": "markdown",
      "metadata": {
        "id": "sXU2GBYu8DC1"
      },
      "source": [
        "### Gathering Data"
      ]
    },
    {
      "cell_type": "code",
      "execution_count": 18,
      "metadata": {
        "id": "zjCBk1BI8DC1"
      },
      "outputs": [
        {
          "name": "stdout",
          "output_type": "stream",
          "text": [
            "           No  year  month  day  hour  PM2.5  PM10   SO2   NO2     CO    O3  \\\n",
            "0           1  2013      3    1     0    4.0   4.0   4.0   7.0  300.0  77.0   \n",
            "1           2  2013      3    1     1    8.0   8.0   4.0   7.0  300.0  77.0   \n",
            "2           3  2013      3    1     2    7.0   7.0   5.0  10.0  300.0  73.0   \n",
            "3           4  2013      3    1     3    6.0   6.0  11.0  11.0  300.0  72.0   \n",
            "4           5  2013      3    1     4    3.0   3.0  12.0  12.0  300.0  72.0   \n",
            "...       ...   ...    ...  ...   ...    ...   ...   ...   ...    ...   ...   \n",
            "420763  35060  2017      2   28    19   11.0  32.0   3.0  24.0  400.0  72.0   \n",
            "420764  35061  2017      2   28    20   13.0  32.0   3.0  41.0  500.0  50.0   \n",
            "420765  35062  2017      2   28    21   14.0  28.0   4.0  38.0  500.0  54.0   \n",
            "420766  35063  2017      2   28    22   12.0  23.0   4.0  30.0  400.0  59.0   \n",
            "420767  35064  2017      2   28    23   13.0  19.0   4.0  38.0  600.0  49.0   \n",
            "\n",
            "        TEMP    PRES  DEWP  RAIN   wd  WSPM        station  \n",
            "0       -0.7  1023.0 -18.8   0.0  NNW   4.4   Aotizhongxin  \n",
            "1       -1.1  1023.2 -18.2   0.0    N   4.7   Aotizhongxin  \n",
            "2       -1.1  1023.5 -18.2   0.0  NNW   5.6   Aotizhongxin  \n",
            "3       -1.4  1024.5 -19.4   0.0   NW   3.1   Aotizhongxin  \n",
            "4       -2.0  1025.2 -19.5   0.0    N   2.0   Aotizhongxin  \n",
            "...      ...     ...   ...   ...  ...   ...            ...  \n",
            "420763  12.5  1013.5 -16.2   0.0   NW   2.4  Wanshouxigong  \n",
            "420764  11.6  1013.6 -15.1   0.0  WNW   0.9  Wanshouxigong  \n",
            "420765  10.8  1014.2 -13.3   0.0   NW   1.1  Wanshouxigong  \n",
            "420766  10.5  1014.4 -12.9   0.0  NNW   1.2  Wanshouxigong  \n",
            "420767   8.6  1014.1 -15.9   0.0  NNE   1.3  Wanshouxigong  \n",
            "\n",
            "[420768 rows x 18 columns]\n"
          ]
        }
      ],
      "source": [
        "# Membaca dataset\n",
        "df1 = pd.read_csv('PRSA_Data_20130301-20170228/PRSA_Data_Aotizhongxin_20130301-20170228.csv')\n",
        "df2 = pd.read_csv('PRSA_Data_20130301-20170228/PRSA_Data_Changping_20130301-20170228.csv')\n",
        "df3 = pd.read_csv('PRSA_Data_20130301-20170228/PRSA_Data_Dingling_20130301-20170228.csv')\n",
        "df4 = pd.read_csv('PRSA_Data_20130301-20170228/PRSA_Data_Dongsi_20130301-20170228.csv')\n",
        "df5 = pd.read_csv('PRSA_Data_20130301-20170228/PRSA_Data_Guanyuan_20130301-20170228.csv')\n",
        "df6 = pd.read_csv('PRSA_Data_20130301-20170228/PRSA_Data_Gucheng_20130301-20170228.csv')\n",
        "df7 = pd.read_csv('PRSA_Data_20130301-20170228/PRSA_Data_Huairou_20130301-20170228.csv')\n",
        "df8 = pd.read_csv('PRSA_Data_20130301-20170228/PRSA_Data_Nongzhanguan_20130301-20170228.csv')\n",
        "df9 = pd.read_csv('PRSA_Data_20130301-20170228/PRSA_Data_Shunyi_20130301-20170228.csv')\n",
        "df10 = pd.read_csv('PRSA_Data_20130301-20170228/PRSA_Data_Tiantan_20130301-20170228.csv')\n",
        "df11 = pd.read_csv('PRSA_Data_20130301-20170228/PRSA_Data_Wanliu_20130301-20170228.csv')\n",
        "df12 = pd.read_csv('PRSA_Data_20130301-20170228/PRSA_Data_Wanshouxigong_20130301-20170228.csv')\n",
        "\n",
        "# Menyatukan dataset\n",
        "new_df = pd.concat([df1, df2, df3, df4, df5, df6, df7, df8, df9, df10, df11, df12], axis=0, ignore_index=True)\n",
        "print(new_df)"
      ]
    },
    {
      "cell_type": "markdown",
      "metadata": {
        "id": "FHSiqaZp8DC1"
      },
      "source": [
        "### Assessing Data"
      ]
    },
    {
      "cell_type": "code",
      "execution_count": 19,
      "metadata": {
        "id": "ax-3tEjc9Cj1"
      },
      "outputs": [
        {
          "name": "stdout",
          "output_type": "stream",
          "text": [
            "No             0\n",
            "year           0\n",
            "month          0\n",
            "day            0\n",
            "hour           0\n",
            "PM2.5       8739\n",
            "PM10        6449\n",
            "SO2         9021\n",
            "NO2        12116\n",
            "CO         20701\n",
            "O3         13277\n",
            "TEMP         398\n",
            "PRES         393\n",
            "DEWP         403\n",
            "RAIN         390\n",
            "wd          1822\n",
            "WSPM         318\n",
            "station        0\n",
            "dtype: int64\n",
            "\n",
            "0\n"
          ]
        }
      ],
      "source": [
        "# Jumlah data yang memiliki null value\n",
        "print(new_df.isnull().sum())\n",
        "\n",
        "print()\n",
        "\n",
        "# Jumlah data yang redundan atau berulang atau duplicated\n",
        "print(new_df.duplicated().sum())"
      ]
    },
    {
      "cell_type": "markdown",
      "metadata": {
        "id": "EhN5R4hr8DC1"
      },
      "source": [
        "### Cleaning Data"
      ]
    },
    {
      "cell_type": "code",
      "execution_count": 20,
      "metadata": {
        "id": "jVnYpprE9Evz"
      },
      "outputs": [
        {
          "name": "stdout",
          "output_type": "stream",
          "text": [
            "           No  year  month  day  hour  PM2.5  PM10   SO2   NO2     CO    O3  \\\n",
            "0           1  2013      3    1     0    4.0   4.0   4.0   7.0  300.0  77.0   \n",
            "1           2  2013      3    1     1    8.0   8.0   4.0   7.0  300.0  77.0   \n",
            "2           3  2013      3    1     2    7.0   7.0   5.0  10.0  300.0  73.0   \n",
            "3           4  2013      3    1     3    6.0   6.0  11.0  11.0  300.0  72.0   \n",
            "4           5  2013      3    1     4    3.0   3.0  12.0  12.0  300.0  72.0   \n",
            "...       ...   ...    ...  ...   ...    ...   ...   ...   ...    ...   ...   \n",
            "420763  35060  2017      2   28    19   11.0  32.0   3.0  24.0  400.0  72.0   \n",
            "420764  35061  2017      2   28    20   13.0  32.0   3.0  41.0  500.0  50.0   \n",
            "420765  35062  2017      2   28    21   14.0  28.0   4.0  38.0  500.0  54.0   \n",
            "420766  35063  2017      2   28    22   12.0  23.0   4.0  30.0  400.0  59.0   \n",
            "420767  35064  2017      2   28    23   13.0  19.0   4.0  38.0  600.0  49.0   \n",
            "\n",
            "        TEMP    PRES  DEWP  RAIN   wd  WSPM        station  \n",
            "0       -0.7  1023.0 -18.8   0.0  NNW   4.4   Aotizhongxin  \n",
            "1       -1.1  1023.2 -18.2   0.0    N   4.7   Aotizhongxin  \n",
            "2       -1.1  1023.5 -18.2   0.0  NNW   5.6   Aotizhongxin  \n",
            "3       -1.4  1024.5 -19.4   0.0   NW   3.1   Aotizhongxin  \n",
            "4       -2.0  1025.2 -19.5   0.0    N   2.0   Aotizhongxin  \n",
            "...      ...     ...   ...   ...  ...   ...            ...  \n",
            "420763  12.5  1013.5 -16.2   0.0   NW   2.4  Wanshouxigong  \n",
            "420764  11.6  1013.6 -15.1   0.0  WNW   0.9  Wanshouxigong  \n",
            "420765  10.8  1014.2 -13.3   0.0   NW   1.1  Wanshouxigong  \n",
            "420766  10.5  1014.4 -12.9   0.0  NNW   1.2  Wanshouxigong  \n",
            "420767   8.6  1014.1 -15.9   0.0  NNE   1.3  Wanshouxigong  \n",
            "\n",
            "[382168 rows x 18 columns]\n"
          ]
        }
      ],
      "source": [
        "new_df = new_df.dropna()\n",
        "print(new_df)"
      ]
    },
    {
      "cell_type": "markdown",
      "metadata": {
        "id": "gp-Y6wU38DC1"
      },
      "source": [
        "## Exploratory Data Analysis (EDA)"
      ]
    },
    {
      "cell_type": "markdown",
      "metadata": {
        "id": "MW7WF2kr8DC1"
      },
      "source": [
        "### Explore ..."
      ]
    },
    {
      "cell_type": "code",
      "execution_count": 21,
      "metadata": {
        "id": "e9CQCZjk8DC2"
      },
      "outputs": [
        {
          "data": {
            "text/html": [
              "<div>\n",
              "<style scoped>\n",
              "    .dataframe tbody tr th:only-of-type {\n",
              "        vertical-align: middle;\n",
              "    }\n",
              "\n",
              "    .dataframe tbody tr th {\n",
              "        vertical-align: top;\n",
              "    }\n",
              "\n",
              "    .dataframe thead th {\n",
              "        text-align: right;\n",
              "    }\n",
              "</style>\n",
              "<table border=\"1\" class=\"dataframe\">\n",
              "  <thead>\n",
              "    <tr style=\"text-align: right;\">\n",
              "      <th></th>\n",
              "      <th>No</th>\n",
              "      <th>year</th>\n",
              "      <th>month</th>\n",
              "      <th>day</th>\n",
              "      <th>hour</th>\n",
              "      <th>PM2.5</th>\n",
              "      <th>PM10</th>\n",
              "      <th>SO2</th>\n",
              "      <th>NO2</th>\n",
              "      <th>CO</th>\n",
              "      <th>O3</th>\n",
              "      <th>TEMP</th>\n",
              "      <th>PRES</th>\n",
              "      <th>DEWP</th>\n",
              "      <th>RAIN</th>\n",
              "      <th>WSPM</th>\n",
              "    </tr>\n",
              "  </thead>\n",
              "  <tbody>\n",
              "    <tr>\n",
              "      <th>count</th>\n",
              "      <td>382168.000000</td>\n",
              "      <td>382168.000000</td>\n",
              "      <td>382168.000000</td>\n",
              "      <td>382168.000000</td>\n",
              "      <td>382168.000000</td>\n",
              "      <td>382168.000000</td>\n",
              "      <td>382168.000000</td>\n",
              "      <td>382168.000000</td>\n",
              "      <td>382168.000000</td>\n",
              "      <td>382168.000000</td>\n",
              "      <td>382168.000000</td>\n",
              "      <td>382168.000000</td>\n",
              "      <td>382168.000000</td>\n",
              "      <td>382168.000000</td>\n",
              "      <td>382168.000000</td>\n",
              "      <td>382168.000000</td>\n",
              "    </tr>\n",
              "    <tr>\n",
              "      <th>mean</th>\n",
              "      <td>17955.931070</td>\n",
              "      <td>2014.714905</td>\n",
              "      <td>6.475087</td>\n",
              "      <td>15.711308</td>\n",
              "      <td>11.575184</td>\n",
              "      <td>79.432383</td>\n",
              "      <td>104.573837</td>\n",
              "      <td>15.634814</td>\n",
              "      <td>50.570068</td>\n",
              "      <td>1229.940563</td>\n",
              "      <td>57.376676</td>\n",
              "      <td>13.518694</td>\n",
              "      <td>1010.813471</td>\n",
              "      <td>2.417195</td>\n",
              "      <td>0.065030</td>\n",
              "      <td>1.738031</td>\n",
              "    </tr>\n",
              "    <tr>\n",
              "      <th>std</th>\n",
              "      <td>10001.787087</td>\n",
              "      <td>1.160266</td>\n",
              "      <td>3.449317</td>\n",
              "      <td>8.803064</td>\n",
              "      <td>6.933552</td>\n",
              "      <td>80.154901</td>\n",
              "      <td>91.379446</td>\n",
              "      <td>21.306103</td>\n",
              "      <td>35.062086</td>\n",
              "      <td>1157.151476</td>\n",
              "      <td>56.709013</td>\n",
              "      <td>11.425355</td>\n",
              "      <td>10.452381</td>\n",
              "      <td>13.798402</td>\n",
              "      <td>0.823901</td>\n",
              "      <td>1.241152</td>\n",
              "    </tr>\n",
              "    <tr>\n",
              "      <th>min</th>\n",
              "      <td>1.000000</td>\n",
              "      <td>2013.000000</td>\n",
              "      <td>1.000000</td>\n",
              "      <td>1.000000</td>\n",
              "      <td>0.000000</td>\n",
              "      <td>2.000000</td>\n",
              "      <td>2.000000</td>\n",
              "      <td>0.285600</td>\n",
              "      <td>2.000000</td>\n",
              "      <td>100.000000</td>\n",
              "      <td>0.214200</td>\n",
              "      <td>-19.900000</td>\n",
              "      <td>982.400000</td>\n",
              "      <td>-36.000000</td>\n",
              "      <td>0.000000</td>\n",
              "      <td>0.000000</td>\n",
              "    </tr>\n",
              "    <tr>\n",
              "      <th>25%</th>\n",
              "      <td>9610.000000</td>\n",
              "      <td>2014.000000</td>\n",
              "      <td>3.000000</td>\n",
              "      <td>8.000000</td>\n",
              "      <td>6.000000</td>\n",
              "      <td>20.000000</td>\n",
              "      <td>36.000000</td>\n",
              "      <td>2.000000</td>\n",
              "      <td>23.000000</td>\n",
              "      <td>500.000000</td>\n",
              "      <td>10.495800</td>\n",
              "      <td>3.100000</td>\n",
              "      <td>1002.400000</td>\n",
              "      <td>-9.000000</td>\n",
              "      <td>0.000000</td>\n",
              "      <td>0.900000</td>\n",
              "    </tr>\n",
              "    <tr>\n",
              "      <th>50%</th>\n",
              "      <td>18103.000000</td>\n",
              "      <td>2015.000000</td>\n",
              "      <td>6.000000</td>\n",
              "      <td>16.000000</td>\n",
              "      <td>12.000000</td>\n",
              "      <td>55.000000</td>\n",
              "      <td>82.000000</td>\n",
              "      <td>7.000000</td>\n",
              "      <td>43.000000</td>\n",
              "      <td>900.000000</td>\n",
              "      <td>45.000000</td>\n",
              "      <td>14.400000</td>\n",
              "      <td>1010.400000</td>\n",
              "      <td>3.000000</td>\n",
              "      <td>0.000000</td>\n",
              "      <td>1.400000</td>\n",
              "    </tr>\n",
              "    <tr>\n",
              "      <th>75%</th>\n",
              "      <td>26515.000000</td>\n",
              "      <td>2016.000000</td>\n",
              "      <td>9.000000</td>\n",
              "      <td>23.000000</td>\n",
              "      <td>18.000000</td>\n",
              "      <td>111.000000</td>\n",
              "      <td>145.000000</td>\n",
              "      <td>19.000000</td>\n",
              "      <td>71.000000</td>\n",
              "      <td>1500.000000</td>\n",
              "      <td>82.000000</td>\n",
              "      <td>23.200000</td>\n",
              "      <td>1019.000000</td>\n",
              "      <td>15.100000</td>\n",
              "      <td>0.000000</td>\n",
              "      <td>2.200000</td>\n",
              "    </tr>\n",
              "    <tr>\n",
              "      <th>max</th>\n",
              "      <td>35064.000000</td>\n",
              "      <td>2017.000000</td>\n",
              "      <td>12.000000</td>\n",
              "      <td>31.000000</td>\n",
              "      <td>23.000000</td>\n",
              "      <td>844.000000</td>\n",
              "      <td>999.000000</td>\n",
              "      <td>500.000000</td>\n",
              "      <td>290.000000</td>\n",
              "      <td>10000.000000</td>\n",
              "      <td>1071.000000</td>\n",
              "      <td>41.600000</td>\n",
              "      <td>1042.800000</td>\n",
              "      <td>29.100000</td>\n",
              "      <td>72.500000</td>\n",
              "      <td>13.200000</td>\n",
              "    </tr>\n",
              "  </tbody>\n",
              "</table>\n",
              "</div>"
            ],
            "text/plain": [
              "                  No           year          month            day  \\\n",
              "count  382168.000000  382168.000000  382168.000000  382168.000000   \n",
              "mean    17955.931070    2014.714905       6.475087      15.711308   \n",
              "std     10001.787087       1.160266       3.449317       8.803064   \n",
              "min         1.000000    2013.000000       1.000000       1.000000   \n",
              "25%      9610.000000    2014.000000       3.000000       8.000000   \n",
              "50%     18103.000000    2015.000000       6.000000      16.000000   \n",
              "75%     26515.000000    2016.000000       9.000000      23.000000   \n",
              "max     35064.000000    2017.000000      12.000000      31.000000   \n",
              "\n",
              "                hour          PM2.5           PM10            SO2  \\\n",
              "count  382168.000000  382168.000000  382168.000000  382168.000000   \n",
              "mean       11.575184      79.432383     104.573837      15.634814   \n",
              "std         6.933552      80.154901      91.379446      21.306103   \n",
              "min         0.000000       2.000000       2.000000       0.285600   \n",
              "25%         6.000000      20.000000      36.000000       2.000000   \n",
              "50%        12.000000      55.000000      82.000000       7.000000   \n",
              "75%        18.000000     111.000000     145.000000      19.000000   \n",
              "max        23.000000     844.000000     999.000000     500.000000   \n",
              "\n",
              "                 NO2             CO             O3           TEMP  \\\n",
              "count  382168.000000  382168.000000  382168.000000  382168.000000   \n",
              "mean       50.570068    1229.940563      57.376676      13.518694   \n",
              "std        35.062086    1157.151476      56.709013      11.425355   \n",
              "min         2.000000     100.000000       0.214200     -19.900000   \n",
              "25%        23.000000     500.000000      10.495800       3.100000   \n",
              "50%        43.000000     900.000000      45.000000      14.400000   \n",
              "75%        71.000000    1500.000000      82.000000      23.200000   \n",
              "max       290.000000   10000.000000    1071.000000      41.600000   \n",
              "\n",
              "                PRES           DEWP           RAIN           WSPM  \n",
              "count  382168.000000  382168.000000  382168.000000  382168.000000  \n",
              "mean     1010.813471       2.417195       0.065030       1.738031  \n",
              "std        10.452381      13.798402       0.823901       1.241152  \n",
              "min       982.400000     -36.000000       0.000000       0.000000  \n",
              "25%      1002.400000      -9.000000       0.000000       0.900000  \n",
              "50%      1010.400000       3.000000       0.000000       1.400000  \n",
              "75%      1019.000000      15.100000       0.000000       2.200000  \n",
              "max      1042.800000      29.100000      72.500000      13.200000  "
            ]
          },
          "execution_count": 21,
          "metadata": {},
          "output_type": "execute_result"
        }
      ],
      "source": [
        "new_df.describe()"
      ]
    },
    {
      "cell_type": "code",
      "execution_count": 22,
      "metadata": {},
      "outputs": [
        {
          "name": "stderr",
          "output_type": "stream",
          "text": [
            "C:\\Users\\daven\\AppData\\Local\\Temp\\ipykernel_19560\\4065070317.py:1: FutureWarning: The default value of numeric_only in DataFrame.corr is deprecated. In a future version, it will default to False. Select only valid columns or specify the value of numeric_only to silence this warning.\n",
            "  new_df.corr()\n"
          ]
        },
        {
          "data": {
            "text/html": [
              "<div>\n",
              "<style scoped>\n",
              "    .dataframe tbody tr th:only-of-type {\n",
              "        vertical-align: middle;\n",
              "    }\n",
              "\n",
              "    .dataframe tbody tr th {\n",
              "        vertical-align: top;\n",
              "    }\n",
              "\n",
              "    .dataframe thead th {\n",
              "        text-align: right;\n",
              "    }\n",
              "</style>\n",
              "<table border=\"1\" class=\"dataframe\">\n",
              "  <thead>\n",
              "    <tr style=\"text-align: right;\">\n",
              "      <th></th>\n",
              "      <th>No</th>\n",
              "      <th>year</th>\n",
              "      <th>month</th>\n",
              "      <th>day</th>\n",
              "      <th>hour</th>\n",
              "      <th>PM2.5</th>\n",
              "      <th>PM10</th>\n",
              "      <th>SO2</th>\n",
              "      <th>NO2</th>\n",
              "      <th>CO</th>\n",
              "      <th>O3</th>\n",
              "      <th>TEMP</th>\n",
              "      <th>PRES</th>\n",
              "      <th>DEWP</th>\n",
              "      <th>RAIN</th>\n",
              "      <th>WSPM</th>\n",
              "    </tr>\n",
              "  </thead>\n",
              "  <tbody>\n",
              "    <tr>\n",
              "      <th>No</th>\n",
              "      <td>1.000000</td>\n",
              "      <td>0.968620</td>\n",
              "      <td>0.056211</td>\n",
              "      <td>0.016624</td>\n",
              "      <td>-0.003728</td>\n",
              "      <td>-0.026866</td>\n",
              "      <td>-0.049872</td>\n",
              "      <td>-0.227301</td>\n",
              "      <td>-0.042262</td>\n",
              "      <td>0.025281</td>\n",
              "      <td>-0.048242</td>\n",
              "      <td>-0.133544</td>\n",
              "      <td>0.193543</td>\n",
              "      <td>-0.110269</td>\n",
              "      <td>0.005496</td>\n",
              "      <td>0.056503</td>\n",
              "    </tr>\n",
              "    <tr>\n",
              "      <th>year</th>\n",
              "      <td>0.968620</td>\n",
              "      <td>1.000000</td>\n",
              "      <td>-0.192834</td>\n",
              "      <td>-0.008714</td>\n",
              "      <td>-0.003916</td>\n",
              "      <td>-0.029904</td>\n",
              "      <td>-0.044236</td>\n",
              "      <td>-0.168161</td>\n",
              "      <td>-0.052299</td>\n",
              "      <td>0.012698</td>\n",
              "      <td>-0.022092</td>\n",
              "      <td>-0.167188</td>\n",
              "      <td>0.194616</td>\n",
              "      <td>-0.178617</td>\n",
              "      <td>0.001162</td>\n",
              "      <td>0.091041</td>\n",
              "    </tr>\n",
              "    <tr>\n",
              "      <th>month</th>\n",
              "      <td>0.056211</td>\n",
              "      <td>-0.192834</td>\n",
              "      <td>1.000000</td>\n",
              "      <td>0.017476</td>\n",
              "      <td>-0.001570</td>\n",
              "      <td>0.013363</td>\n",
              "      <td>-0.021498</td>\n",
              "      <td>-0.223866</td>\n",
              "      <td>0.041530</td>\n",
              "      <td>0.049558</td>\n",
              "      <td>-0.101052</td>\n",
              "      <td>0.146401</td>\n",
              "      <td>-0.022140</td>\n",
              "      <td>0.283626</td>\n",
              "      <td>0.017509</td>\n",
              "      <td>-0.142276</td>\n",
              "    </tr>\n",
              "    <tr>\n",
              "      <th>day</th>\n",
              "      <td>0.016624</td>\n",
              "      <td>-0.008714</td>\n",
              "      <td>0.017476</td>\n",
              "      <td>1.000000</td>\n",
              "      <td>-0.002153</td>\n",
              "      <td>0.003457</td>\n",
              "      <td>0.024428</td>\n",
              "      <td>-0.006733</td>\n",
              "      <td>0.013503</td>\n",
              "      <td>-0.017784</td>\n",
              "      <td>-0.001101</td>\n",
              "      <td>0.012243</td>\n",
              "      <td>0.022391</td>\n",
              "      <td>0.024001</td>\n",
              "      <td>-0.002783</td>\n",
              "      <td>-0.013504</td>\n",
              "    </tr>\n",
              "    <tr>\n",
              "      <th>hour</th>\n",
              "      <td>-0.003728</td>\n",
              "      <td>-0.003916</td>\n",
              "      <td>-0.001570</td>\n",
              "      <td>-0.002153</td>\n",
              "      <td>1.000000</td>\n",
              "      <td>0.013275</td>\n",
              "      <td>0.051421</td>\n",
              "      <td>0.032342</td>\n",
              "      <td>-0.002536</td>\n",
              "      <td>-0.030150</td>\n",
              "      <td>0.281204</td>\n",
              "      <td>0.139155</td>\n",
              "      <td>-0.038386</td>\n",
              "      <td>-0.012506</td>\n",
              "      <td>0.012610</td>\n",
              "      <td>0.137995</td>\n",
              "    </tr>\n",
              "    <tr>\n",
              "      <th>PM2.5</th>\n",
              "      <td>-0.026866</td>\n",
              "      <td>-0.029904</td>\n",
              "      <td>0.013363</td>\n",
              "      <td>0.003457</td>\n",
              "      <td>0.013275</td>\n",
              "      <td>1.000000</td>\n",
              "      <td>0.884324</td>\n",
              "      <td>0.482209</td>\n",
              "      <td>0.670753</td>\n",
              "      <td>0.792041</td>\n",
              "      <td>-0.151149</td>\n",
              "      <td>-0.128907</td>\n",
              "      <td>0.013717</td>\n",
              "      <td>0.118009</td>\n",
              "      <td>-0.015268</td>\n",
              "      <td>-0.275686</td>\n",
              "    </tr>\n",
              "    <tr>\n",
              "      <th>PM10</th>\n",
              "      <td>-0.049872</td>\n",
              "      <td>-0.044236</td>\n",
              "      <td>-0.021498</td>\n",
              "      <td>0.024428</td>\n",
              "      <td>0.051421</td>\n",
              "      <td>0.884324</td>\n",
              "      <td>1.000000</td>\n",
              "      <td>0.466561</td>\n",
              "      <td>0.653577</td>\n",
              "      <td>0.703535</td>\n",
              "      <td>-0.114345</td>\n",
              "      <td>-0.094793</td>\n",
              "      <td>-0.021942</td>\n",
              "      <td>0.072706</td>\n",
              "      <td>-0.026885</td>\n",
              "      <td>-0.185789</td>\n",
              "    </tr>\n",
              "    <tr>\n",
              "      <th>SO2</th>\n",
              "      <td>-0.227301</td>\n",
              "      <td>-0.168161</td>\n",
              "      <td>-0.223866</td>\n",
              "      <td>-0.006733</td>\n",
              "      <td>0.032342</td>\n",
              "      <td>0.482209</td>\n",
              "      <td>0.466561</td>\n",
              "      <td>1.000000</td>\n",
              "      <td>0.501317</td>\n",
              "      <td>0.535289</td>\n",
              "      <td>-0.167093</td>\n",
              "      <td>-0.320991</td>\n",
              "      <td>0.218994</td>\n",
              "      <td>-0.266446</td>\n",
              "      <td>-0.040618</td>\n",
              "      <td>-0.109259</td>\n",
              "    </tr>\n",
              "    <tr>\n",
              "      <th>NO2</th>\n",
              "      <td>-0.042262</td>\n",
              "      <td>-0.052299</td>\n",
              "      <td>0.041530</td>\n",
              "      <td>0.013503</td>\n",
              "      <td>-0.002536</td>\n",
              "      <td>0.670753</td>\n",
              "      <td>0.653577</td>\n",
              "      <td>0.501317</td>\n",
              "      <td>1.000000</td>\n",
              "      <td>0.705651</td>\n",
              "      <td>-0.476812</td>\n",
              "      <td>-0.276387</td>\n",
              "      <td>0.172287</td>\n",
              "      <td>-0.028276</td>\n",
              "      <td>-0.043946</td>\n",
              "      <td>-0.402566</td>\n",
              "    </tr>\n",
              "    <tr>\n",
              "      <th>CO</th>\n",
              "      <td>0.025281</td>\n",
              "      <td>0.012698</td>\n",
              "      <td>0.049558</td>\n",
              "      <td>-0.017784</td>\n",
              "      <td>-0.030150</td>\n",
              "      <td>0.792041</td>\n",
              "      <td>0.703535</td>\n",
              "      <td>0.535289</td>\n",
              "      <td>0.705651</td>\n",
              "      <td>1.000000</td>\n",
              "      <td>-0.315060</td>\n",
              "      <td>-0.323402</td>\n",
              "      <td>0.183800</td>\n",
              "      <td>-0.054173</td>\n",
              "      <td>-0.013302</td>\n",
              "      <td>-0.297760</td>\n",
              "    </tr>\n",
              "    <tr>\n",
              "      <th>O3</th>\n",
              "      <td>-0.048242</td>\n",
              "      <td>-0.022092</td>\n",
              "      <td>-0.101052</td>\n",
              "      <td>-0.001101</td>\n",
              "      <td>0.281204</td>\n",
              "      <td>-0.151149</td>\n",
              "      <td>-0.114345</td>\n",
              "      <td>-0.167093</td>\n",
              "      <td>-0.476812</td>\n",
              "      <td>-0.315060</td>\n",
              "      <td>1.000000</td>\n",
              "      <td>0.597098</td>\n",
              "      <td>-0.447437</td>\n",
              "      <td>0.313267</td>\n",
              "      <td>0.023194</td>\n",
              "      <td>0.296714</td>\n",
              "    </tr>\n",
              "    <tr>\n",
              "      <th>TEMP</th>\n",
              "      <td>-0.133544</td>\n",
              "      <td>-0.167188</td>\n",
              "      <td>0.146401</td>\n",
              "      <td>0.012243</td>\n",
              "      <td>0.139155</td>\n",
              "      <td>-0.128907</td>\n",
              "      <td>-0.094793</td>\n",
              "      <td>-0.320991</td>\n",
              "      <td>-0.276387</td>\n",
              "      <td>-0.323402</td>\n",
              "      <td>0.597098</td>\n",
              "      <td>1.000000</td>\n",
              "      <td>-0.812456</td>\n",
              "      <td>0.820672</td>\n",
              "      <td>0.037182</td>\n",
              "      <td>0.026664</td>\n",
              "    </tr>\n",
              "    <tr>\n",
              "      <th>PRES</th>\n",
              "      <td>0.193543</td>\n",
              "      <td>0.194616</td>\n",
              "      <td>-0.022140</td>\n",
              "      <td>0.022391</td>\n",
              "      <td>-0.038386</td>\n",
              "      <td>0.013717</td>\n",
              "      <td>-0.021942</td>\n",
              "      <td>0.218994</td>\n",
              "      <td>0.172287</td>\n",
              "      <td>0.183800</td>\n",
              "      <td>-0.447437</td>\n",
              "      <td>-0.812456</td>\n",
              "      <td>1.000000</td>\n",
              "      <td>-0.750758</td>\n",
              "      <td>-0.060999</td>\n",
              "      <td>0.072249</td>\n",
              "    </tr>\n",
              "    <tr>\n",
              "      <th>DEWP</th>\n",
              "      <td>-0.110269</td>\n",
              "      <td>-0.178617</td>\n",
              "      <td>0.283626</td>\n",
              "      <td>0.024001</td>\n",
              "      <td>-0.012506</td>\n",
              "      <td>0.118009</td>\n",
              "      <td>0.072706</td>\n",
              "      <td>-0.266446</td>\n",
              "      <td>-0.028276</td>\n",
              "      <td>-0.054173</td>\n",
              "      <td>0.313267</td>\n",
              "      <td>0.820672</td>\n",
              "      <td>-0.750758</td>\n",
              "      <td>1.000000</td>\n",
              "      <td>0.086424</td>\n",
              "      <td>-0.299137</td>\n",
              "    </tr>\n",
              "    <tr>\n",
              "      <th>RAIN</th>\n",
              "      <td>0.005496</td>\n",
              "      <td>0.001162</td>\n",
              "      <td>0.017509</td>\n",
              "      <td>-0.002783</td>\n",
              "      <td>0.012610</td>\n",
              "      <td>-0.015268</td>\n",
              "      <td>-0.026885</td>\n",
              "      <td>-0.040618</td>\n",
              "      <td>-0.043946</td>\n",
              "      <td>-0.013302</td>\n",
              "      <td>0.023194</td>\n",
              "      <td>0.037182</td>\n",
              "      <td>-0.060999</td>\n",
              "      <td>0.086424</td>\n",
              "      <td>1.000000</td>\n",
              "      <td>0.021866</td>\n",
              "    </tr>\n",
              "    <tr>\n",
              "      <th>WSPM</th>\n",
              "      <td>0.056503</td>\n",
              "      <td>0.091041</td>\n",
              "      <td>-0.142276</td>\n",
              "      <td>-0.013504</td>\n",
              "      <td>0.137995</td>\n",
              "      <td>-0.275686</td>\n",
              "      <td>-0.185789</td>\n",
              "      <td>-0.109259</td>\n",
              "      <td>-0.402566</td>\n",
              "      <td>-0.297760</td>\n",
              "      <td>0.296714</td>\n",
              "      <td>0.026664</td>\n",
              "      <td>0.072249</td>\n",
              "      <td>-0.299137</td>\n",
              "      <td>0.021866</td>\n",
              "      <td>1.000000</td>\n",
              "    </tr>\n",
              "  </tbody>\n",
              "</table>\n",
              "</div>"
            ],
            "text/plain": [
              "             No      year     month       day      hour     PM2.5      PM10  \\\n",
              "No     1.000000  0.968620  0.056211  0.016624 -0.003728 -0.026866 -0.049872   \n",
              "year   0.968620  1.000000 -0.192834 -0.008714 -0.003916 -0.029904 -0.044236   \n",
              "month  0.056211 -0.192834  1.000000  0.017476 -0.001570  0.013363 -0.021498   \n",
              "day    0.016624 -0.008714  0.017476  1.000000 -0.002153  0.003457  0.024428   \n",
              "hour  -0.003728 -0.003916 -0.001570 -0.002153  1.000000  0.013275  0.051421   \n",
              "PM2.5 -0.026866 -0.029904  0.013363  0.003457  0.013275  1.000000  0.884324   \n",
              "PM10  -0.049872 -0.044236 -0.021498  0.024428  0.051421  0.884324  1.000000   \n",
              "SO2   -0.227301 -0.168161 -0.223866 -0.006733  0.032342  0.482209  0.466561   \n",
              "NO2   -0.042262 -0.052299  0.041530  0.013503 -0.002536  0.670753  0.653577   \n",
              "CO     0.025281  0.012698  0.049558 -0.017784 -0.030150  0.792041  0.703535   \n",
              "O3    -0.048242 -0.022092 -0.101052 -0.001101  0.281204 -0.151149 -0.114345   \n",
              "TEMP  -0.133544 -0.167188  0.146401  0.012243  0.139155 -0.128907 -0.094793   \n",
              "PRES   0.193543  0.194616 -0.022140  0.022391 -0.038386  0.013717 -0.021942   \n",
              "DEWP  -0.110269 -0.178617  0.283626  0.024001 -0.012506  0.118009  0.072706   \n",
              "RAIN   0.005496  0.001162  0.017509 -0.002783  0.012610 -0.015268 -0.026885   \n",
              "WSPM   0.056503  0.091041 -0.142276 -0.013504  0.137995 -0.275686 -0.185789   \n",
              "\n",
              "            SO2       NO2        CO        O3      TEMP      PRES      DEWP  \\\n",
              "No    -0.227301 -0.042262  0.025281 -0.048242 -0.133544  0.193543 -0.110269   \n",
              "year  -0.168161 -0.052299  0.012698 -0.022092 -0.167188  0.194616 -0.178617   \n",
              "month -0.223866  0.041530  0.049558 -0.101052  0.146401 -0.022140  0.283626   \n",
              "day   -0.006733  0.013503 -0.017784 -0.001101  0.012243  0.022391  0.024001   \n",
              "hour   0.032342 -0.002536 -0.030150  0.281204  0.139155 -0.038386 -0.012506   \n",
              "PM2.5  0.482209  0.670753  0.792041 -0.151149 -0.128907  0.013717  0.118009   \n",
              "PM10   0.466561  0.653577  0.703535 -0.114345 -0.094793 -0.021942  0.072706   \n",
              "SO2    1.000000  0.501317  0.535289 -0.167093 -0.320991  0.218994 -0.266446   \n",
              "NO2    0.501317  1.000000  0.705651 -0.476812 -0.276387  0.172287 -0.028276   \n",
              "CO     0.535289  0.705651  1.000000 -0.315060 -0.323402  0.183800 -0.054173   \n",
              "O3    -0.167093 -0.476812 -0.315060  1.000000  0.597098 -0.447437  0.313267   \n",
              "TEMP  -0.320991 -0.276387 -0.323402  0.597098  1.000000 -0.812456  0.820672   \n",
              "PRES   0.218994  0.172287  0.183800 -0.447437 -0.812456  1.000000 -0.750758   \n",
              "DEWP  -0.266446 -0.028276 -0.054173  0.313267  0.820672 -0.750758  1.000000   \n",
              "RAIN  -0.040618 -0.043946 -0.013302  0.023194  0.037182 -0.060999  0.086424   \n",
              "WSPM  -0.109259 -0.402566 -0.297760  0.296714  0.026664  0.072249 -0.299137   \n",
              "\n",
              "           RAIN      WSPM  \n",
              "No     0.005496  0.056503  \n",
              "year   0.001162  0.091041  \n",
              "month  0.017509 -0.142276  \n",
              "day   -0.002783 -0.013504  \n",
